963 224 964 271 920 272 918 226 storage-tank 0
971 271 971 223 1018 223 1018 271 storage-tank 0
890 358 890 319 929 319 928 359 storage-tank 0
406 354 469 350 473 413 410 417 storage-tank 0
443 254 447 334 370 338 367 258 storage-tank 0
877 261 918 258 921 298 880 301 storage-tank 0
935 358 937 317 975 318 974 359 storage-tank 0
845 358 846 320 884 321 883 359 storage-tank 0
530 250 536 331 458 337 452 256 storage-tank 0
488 414 489 349 551 349 551 415 storage-tank 0
956 134 959 188 908 190 905 136 storage-tank 0
322 339 397 337 399 411 324 413 storage-tank 0
812 655 815 539 929 543 925 659 storage-tank 0
1024 118 1024 183 965 183 965 118 storage-tank 0
831 208 831 141 895 142 895 208 storage-tank 0
310 329 310 253 374 253 373 329 storage-tank 0
286 237 286 318 209 319 208 237 storage-tank 0
474 161 479 226 417 230 413 166 storage-tank 0
667 273 670 323 624 326 622 275 storage-tank 0
164 658 213 661 211 708 162 706 storage-tank 0
